<?xml version="1.0" standalone="no"?>
<!DOCTYPE svg PUBLIC "-//W3C//DTD SVG 20010904//EN"
 "http://www.w3.org/TR/2001/REC-SVG-20010904/DTD/svg10.dtd">
<svg version="1.0" xmlns="http://www.w3.org/2000/svg"
 width="1280.000000pt" height="720.000000pt" viewBox="0 0 1280.000000 720.000000"
 preserveAspectRatio="xMidYMid meet">

<g transform="translate(0.000000,720.000000) scale(0.100000,-0.100000)"
fill="#000000" stroke="none">
<path d="M4570 3690 l0 -1880 1670 0 1670 0 0 1880 0 1880 -1670 0 -1670 0 0
-1880z m3260 1643 c0 -76 3 -203 6 -283 l6 -145 -74 73 -74 72 -372 -386 -371
-387 61 -66 c33 -36 79 -90 101 -119 22 -29 43 -51 46 -50 14 7 311 316 311
324 0 4 -19 28 -42 51 l-42 43 175 0 176 0 6 -67 c4 -38 7 -117 7 -178 l0
-109 -46 44 -45 45 -184 -190 c-101 -104 -184 -195 -185 -202 0 -6 14 -53 30
-104 158 -484 25 -1025 -336 -1369 -130 -124 -247 -202 -404 -269 -320 -136
-678 -145 -996 -25 -313 117 -573 349 -721 640 -105 208 -146 379 -146 609 1
584 365 1082 925 1266 126 41 255 61 401 62 l129 1 174 180 175 179 -41 42
-41 42 38 6 c21 4 100 7 176 7 l137 0 0 -177 0 -177 -43 42 -43 42 -119 -120
c-68 -69 -115 -124 -109 -129 5 -4 38 -18 73 -31 l65 -24 60 66 c34 37 210
220 391 408 182 188 331 345 333 350 2 5 -26 37 -63 71 -48 45 -62 64 -53 70
7 5 133 9 281 9 l267 0 0 -137z"/>
<path d="M5905 4503 c-11 -2 -56 -11 -100 -19 -426 -82 -797 -413 -929 -831
-78 -250 -73 -546 14 -780 66 -177 160 -324 289 -453 242 -240 531 -360 871
-360 212 0 396 44 570 136 337 179 564 482 640 853 25 122 27 319 5 447 -66
375 -312 706 -655 879 -103 52 -264 110 -344 124 -57 10 -318 13 -361 4z
m-141 -333 c38 -6 90 -20 114 -33 118 -58 143 -221 48 -312 -24 -23 -60 -46
-85 -54 l-44 -13 37 -30 c27 -22 56 -69 109 -175 40 -80 84 -159 98 -176 24
-28 32 -31 105 -37 43 -4 63 -8 43 -8 -52 -3 -83 -31 -82 -73 1 -28 176 -478
218 -558 11 -23 19 -5 94 221 44 135 81 260 81 277 0 69 -43 118 -115 134 -11
3 72 5 185 5 141 0 191 -3 161 -9 -53 -10 -67 -21 -81 -63 -11 -35 -10 -41
100 -394 35 -111 66 -199 70 -195 10 12 136 322 176 433 55 155 43 200 -61
223 -11 3 48 5 130 5 129 0 145 -1 117 -12 -43 -15 -78 -49 -104 -100 -12 -23
-86 -196 -164 -386 -80 -193 -148 -345 -155 -345 -7 0 -56 131 -122 328 -60
181 -113 325 -117 320 -4 -4 -56 -153 -116 -331 -74 -220 -113 -322 -122 -320
-7 2 -78 158 -156 348 -193 466 -190 459 -263 486 l-38 13 33 1 c17 0 32 4 32
10 0 13 -87 206 -112 250 -68 116 -97 140 -168 140 l-40 0 0 -138 c0 -75 4
-152 10 -171 13 -46 46 -79 87 -87 80 -15 19 -24 -162 -24 -181 0 -242 9 -162
24 41 8 74 41 87 87 6 19 10 165 10 326 0 244 -3 299 -16 332 -18 45 -51 71
-89 71 -14 0 -25 5 -25 10 0 13 362 13 454 0z"/>
<path d="M5570 3960 l0 -200 66 0 c85 0 128 21 165 78 37 59 45 116 25 184
-26 92 -95 138 -208 138 l-48 0 0 -200z"/>
</g>
</svg>
